<?xml version="1.0"?>
<opencv_storage>
<cameraMatrix type_id="opencv-matrix">
  <rows>3</rows>
  <cols>3</cols>
  <dt>d</dt>
  <data>
    1.1213987636299405e+03 0. 6.6117875481049748e+02 0.
    1.1293768155969854e+03 3.6942160845549671e+02 0. 0. 1.</data></cameraMatrix>
<distCoeffs type_id="opencv-matrix">
  <rows>1</rows>
  <cols>5</cols>
  <dt>d</dt>
  <data>
    1.2437840593215031e-01 -8.2353682702444794e-02
    1.3949023818413131e-03 -2.1207516765070233e-03
    -2.3415753598166786e-01</data></distCoeffs>
</opencv_storage>
