<?xml version="1.0"?>
<opencv_storage>
<cameraMatrix type_id="opencv-matrix">
  <rows>3</rows>
  <cols>3</cols>
  <dt>d</dt>
  <data>
    1.1041291229217481e+03 0. 6.3400208059578745e+02 0.
    1.1122368736175174e+03 3.3353987422117780e+02 0. 0. 1.</data></cameraMatrix>
<distCoeffs type_id="opencv-matrix">
  <rows>1</rows>
  <cols>5</cols>
  <dt>d</dt>
  <data>
    1.1228006657597077e-01 -2.9423572740223357e-02
    2.8116089623306220e-03 4.6067398487695628e-03
    -2.7251960944980819e-01</data></distCoeffs>
</opencv_storage>
