<?xml version="1.0"?>
<opencv_storage>
<K1 type_id="opencv-matrix">
  <rows>3</rows>
  <cols>3</cols>
  <dt>d</dt>
  <data>
    1.0845238282729683e+03 0. 6.6177515931470191e+02 0.
    1.0934296228120984e+03 3.6452887101748610e+02 0. 0. 1.</data></K1>
<D1 type_id="opencv-matrix">
  <rows>1</rows>
  <cols>5</cols>
  <dt>d</dt>
  <data>
    8.7745765770982920e-02 -4.4736081056551122e-02
    1.4687898747398732e-04 -1.4837182362603819e-03
    -2.1820651072523478e-01</data></D1>
<K2 type_id="opencv-matrix">
  <rows>3</rows>
  <cols>3</cols>
  <dt>d</dt>
  <data>
    1.0835035507121947e+03 0. 6.2134201217639395e+02 0.
    1.0928600216186148e+03 3.2569151713113206e+02 0. 0. 1.</data></K2>
<D2 type_id="opencv-matrix">
  <rows>1</rows>
  <cols>5</cols>
  <dt>d</dt>
  <data>
    9.0319696202117050e-02 -6.6823483087008861e-02
    1.5624580819300807e-04 -4.5389565152048573e-04
    -1.3912070768968696e-01</data></D2>
<E type_id="opencv-matrix">
  <rows>3</rows>
  <cols>3</cols>
  <dt>d</dt>
  <data>
    4.8622969456916703e-03 9.9226409122875348e-01 3.3556641081179013e+00
    -1.5940786098838911e+00 -4.5449025798683298e+00
    -8.2336489143031793e+02 -1.3908935737509489e+00
    8.2337153690600746e+02 -4.5462212829895057e+00</data></E>
<F type_id="opencv-matrix">
  <rows>3</rows>
  <cols>3</cols>
  <dt>d</dt>
  <data>
    -1.1724798701341017e-10 -2.3732279533893780e-08
    -7.9028252554119900e-05 3.8110044075075259e-08
    1.0777116021243681e-07 2.1283688955846425e-02 2.4001003598861090e-05
    -2.1357600507343557e-02 1.</data></F>
<R type_id="opencv-matrix">
  <rows>3</rows>
  <cols>3</cols>
  <dt>d</dt>
  <data>
    9.9999685338329580e-01 -2.3969392154065895e-03
    -7.4020666359064422e-04 2.3928140742386366e-03
    9.9998187730661969e-01 -5.5244455952255791e-03
    7.5343500934284204e-04 5.5226570349903000e-03 9.9998446617683046e-01</data></R>
<T type_id="opencv-matrix">
  <rows>3</rows>
  <cols>1</cols>
  <dt>d</dt>
  <data>
    8.2337840239852881e+02 3.3610955795137669e+00
    -9.7371955950229228e-01</data></T>
<P1 type_id="opencv-matrix">
  <rows>3</rows>
  <cols>4</cols>
  <dt>d</dt>
  <data>
    1.0931448222153567e+03 0. 6.4288897705078125e+02 0. 0.
    1.0931448222153567e+03 3.4530617904663086e+02 0. 0. 0. 1. 0.</data></P1>
<R1 type_id="opencv-matrix">
  <rows>3</rows>
  <cols>3</cols>
  <dt>d</dt>
  <data>
    9.9999669916027911e-01 1.6785194767645637e-03
    -1.9453125488427588e-03 -1.6838827522126041e-03
    9.9999477711356366e-01 -2.7586744046672346e-03
    1.9406718999779606e-03 2.7619409769738391e-03 9.9999430272107870e-01</data></R1>
<P2 type_id="opencv-matrix">
  <rows>3</rows>
  <cols>4</cols>
  <dt>d</dt>
  <data>
    1.0931448222153567e+03 0. 6.4288897705078125e+02
    9.0007996576775750e+05 0. 1.0931448222153567e+03
    3.4530617904663086e+02 0. 0. 0. 1. 0.</data></P2>
<R2 type_id="opencv-matrix">
  <rows>3</rows>
  <cols>3</cols>
  <dt>d</dt>
  <data>
    9.9999096917811503e-01 4.0820420067503495e-03
    -1.1825799209319015e-03 -4.0787621609621816e-03
    9.9998786544315088e-01 2.7627279426440756e-03 1.1938431423637317e-03
    -2.7578795307063001e-03 9.9999548440932751e-01</data></R2>
</opencv_storage>
