<?xml version="1.0"?>
<opencv_storage>
<cameraMatrix type_id="opencv-matrix">
  <rows>3</rows>
  <cols>3</cols>
  <dt>d</dt>
  <data>
    1.1001421636975083e+03 0. 6.8971658111181785e+02 0.
    1.1082955775860248e+03 3.6697913629799069e+02 0. 0. 1.</data></cameraMatrix>
<distCoeffs type_id="opencv-matrix">
  <rows>1</rows>
  <cols>5</cols>
  <dt>d</dt>
  <data>
    1.2648687471473435e-01 -1.3218717244154429e-01
    1.9357477880535044e-03 8.3153755648185182e-03
    -1.0992712872103393e-01</data></distCoeffs>
</opencv_storage>
