<?xml version="1.0"?>
<opencv_storage>
<K1 type_id="opencv-matrix">
  <rows>3</rows>
  <cols>3</cols>
  <dt>d</dt>
  <data>
    1.0849518193027684e+03 0. 6.7607764457119845e+02 0.
    1.0926106759759737e+03 3.6411450416013651e+02 0. 0. 1.</data></K1>
<D1 type_id="opencv-matrix">
  <rows>1</rows>
  <cols>5</cols>
  <dt>d</dt>
  <data>
    1.0321900060297665e-01 -7.1699587709352308e-02
    9.9810060801564784e-04 4.6500087281991396e-03
    -1.9904823234710983e-01</data></D1>
<K2 type_id="opencv-matrix">
  <rows>3</rows>
  <cols>3</cols>
  <dt>d</dt>
  <data>
    1.0844766899291512e+03 0. 6.3744852000477385e+02 0.
    1.0944516709751408e+03 3.2955921705556869e+02 0. 0. 1.</data></K2>
<D2 type_id="opencv-matrix">
  <rows>1</rows>
  <cols>5</cols>
  <dt>d</dt>
  <data>
    7.5738572072514082e-02 9.1183445961313517e-02 1.1840079635061420e-03
    5.4531313533120298e-03 -4.6871443265046681e-01</data></D2>
<E type_id="opencv-matrix">
  <rows>3</rows>
  <cols>3</cols>
  <dt>d</dt>
  <data>
    -5.8094476230474510e-03 -2.0891589369997252e+00
    1.6551851861371496e+00 3.3957288024951566e+00
    -5.3284501246164007e-01 -4.6777612078420373e+02
    -1.3844598236192449e+00 4.6778464055004093e+02
    -5.3551654606959687e-01</data></E>
<F type_id="opencv-matrix">
  <rows>3</rows>
  <cols>3</cols>
  <dt>d</dt>
  <data>
    3.1839023087006638e-10 1.1369500551600495e-07
    -1.4003293431952193e-04 -1.8440875024224762e-07
    2.8733891266073056e-08 2.7675342656962310e-02 1.4285655516986355e-04
    -2.7690016650720448e-02 1.</data></F>
<R type_id="opencv-matrix">
  <rows>3</rows>
  <cols>3</cols>
  <dt>d</dt>
  <data>
    9.9999594589508745e-01 -5.7050037800295515e-04
    2.7897531625733748e-03 5.7366843728660845e-04 9.9999919141061788e-01
    -1.1349372821409158e-03 -2.7891034246601189e-03
    1.1365330743232920e-03 9.9999546458704380e-01</data></R>
<T type_id="opencv-matrix">
  <rows>3</rows>
  <cols>1</cols>
  <dt>d</dt>
  <data>
    4.6778407586113730e+02 1.6528194841096540e+00 2.0910391118013250e+00</data></T>
<P1 type_id="opencv-matrix">
  <rows>3</rows>
  <cols>4</cols>
  <dt>d</dt>
  <data>
    1.0935311734755574e+03 0. 6.5572972106933594e+02 0. 0.
    1.0935311734755574e+03 3.4733281707763672e+02 0. 0. 0. 1. 0.</data></P1>
<R1 type_id="opencv-matrix">
  <rows>3</rows>
  <cols>3</cols>
  <dt>d</dt>
  <data>
    9.9996927294681959e-01 2.9678247427601953e-03 7.2556997254083107e-03
    -2.9636814385581929e-03 9.9999543908285671e-01
    -5.8172658133406614e-04 -7.2573930953046539e-03
    5.6020512399050995e-04 9.9997350785692285e-01</data></R1>
<P2 type_id="opencv-matrix">
  <rows>3</rows>
  <cols>4</cols>
  <dt>d</dt>
  <data>
    1.0935311734755574e+03 0. 6.5572972106933594e+02
    5.1154477309461829e+05 0. 1.0935311734755574e+03
    3.4733281707763672e+02 0. 0. 0. 1. 0.</data></P2>
<R2 type_id="opencv-matrix">
  <rows>3</rows>
  <cols>3</cols>
  <dt>d</dt>
  <data>
    9.9998376743259565e-01 3.5332383890212603e-03 4.4700221250962568e-03
    -3.5357900730436948e-03 9.9999359054984827e-01
    5.6306996176205056e-04 -4.4680040143076699e-03
    -5.7886588154715474e-04 9.9998985087570735e-01</data></R2>
</opencv_storage>
