<?xml version="1.0"?>
<opencv_storage>
<cameraMatrix type_id="opencv-matrix">
  <rows>3</rows>
  <cols>3</cols>
  <dt>d</dt>
  <data>
    1.1068531132368903e+03 0. 6.5690642760740650e+02 0.
    1.1141972295077858e+03 3.7523107919984670e+02 0. 0. 1.</data></cameraMatrix>
<distCoeffs type_id="opencv-matrix">
  <rows>1</rows>
  <cols>5</cols>
  <dt>d</dt>
  <data>
    1.8374488277634243e-01 -2.7439193082745000e-01
    5.2177874029125885e-03 2.9327515333573890e-03
    -6.8216999399191630e-03</data></distCoeffs>
</opencv_storage>
