<?xml version="1.0"?>
<opencv_storage>
<cameraMatrix type_id="opencv-matrix">
  <rows>3</rows>
  <cols>3</cols>
  <dt>d</dt>
  <data>
    1.1723086755327367e+03 0. 6.3745084163805325e+02 0.
    1.1827114560143689e+03 3.4042557641122340e+02 0. 0. 1.</data></cameraMatrix>
<distCoeffs type_id="opencv-matrix">
  <rows>1</rows>
  <cols>5</cols>
  <dt>d</dt>
  <data>
    1.5255781753993392e-01 -8.9286270723227153e-03
    -6.7635527760009709e-03 -9.6360643393478516e-03
    -6.5532591740646851e-01</data></distCoeffs>
</opencv_storage>
