<?xml version="1.0"?>
<opencv_storage>
<cameraMatrix type_id="opencv-matrix">
  <rows>3</rows>
  <cols>3</cols>
  <dt>d</dt>
  <data>
    1.1086086751869288e+03 0. 6.7805952247611810e+02 0.
    1.1158981121169825e+03 3.5329540621302164e+02 0. 0. 1.</data></cameraMatrix>
<distCoeffs type_id="opencv-matrix">
  <rows>1</rows>
  <cols>5</cols>
  <dt>d</dt>
  <data>
    1.3056893878923548e-01 -1.4269922079985969e-01
    -2.0241626782163073e-03 4.7553742958388817e-03
    -1.1936340098951743e-01</data></distCoeffs>
</opencv_storage>
