<?xml version="1.0"?>
<opencv_storage>
<cameraMatrix type_id="opencv-matrix">
  <rows>3</rows>
  <cols>3</cols>
  <dt>d</dt>
  <data>
    1.0249712591058083e+03 0. 6.4777792275896286e+02 0.
    1.0329664192248645e+03 3.4741684825982480e+02 0. 0. 1.</data></cameraMatrix>
<distCoeffs type_id="opencv-matrix">
  <rows>1</rows>
  <cols>5</cols>
  <dt>d</dt>
  <data>
    3.6608647615343201e-02 -3.8428929639133164e-03
    -4.9903851438802783e-03 -6.9555084595061102e-03
    -2.4482245169018374e-01</data></distCoeffs>
</opencv_storage>
