<?xml version="1.0"?>
<opencv_storage>
<cameraMatrix type_id="opencv-matrix">
  <rows>3</rows>
  <cols>3</cols>
  <dt>d</dt>
  <data>
    1.1227127104471076e+03 0. 6.6470706070599340e+02 0.
    1.1267915044501292e+03 3.5619970178707558e+02 0. 0. 1.</data></cameraMatrix>
<distCoeffs type_id="opencv-matrix">
  <rows>1</rows>
  <cols>5</cols>
  <dt>d</dt>
  <data>
    1.8500430467069329e-01 -1.0652993134053898e-01
    -3.1485452329511098e-03 4.4687937755684961e-03
    -3.2883043186360411e-01</data></distCoeffs>
</opencv_storage>
