<?xml version="1.0"?>
<opencv_storage>
<cameraMatrix type_id="opencv-matrix">
  <rows>3</rows>
  <cols>3</cols>
  <dt>d</dt>
  <data>
    1.0020348047996719e+03 0. 5.8623709862188537e+02 0.
    1.0072673305555608e+03 3.1622195586125929e+02 0. 0. 1.</data></cameraMatrix>
<distCoeffs type_id="opencv-matrix">
  <rows>1</rows>
  <cols>5</cols>
  <dt>d</dt>
  <data>
    2.9087640239870979e-02 -7.2011365519598400e-02
    -3.5460785888759895e-03 -7.8405787729789300e-03
    -5.2976575155252885e-02</data></distCoeffs>
</opencv_storage>
