<?xml version="1.0"?>
<opencv_storage>
<cameraMatrix type_id="opencv-matrix">
  <rows>3</rows>
  <cols>3</cols>
  <dt>d</dt>
  <data>
    1.1477330845886784e+03 0. 6.4110575694617364e+02 0.
    1.1551742308987607e+03 3.1764277111414611e+02 0. 0. 1.</data></cameraMatrix>
<distCoeffs type_id="opencv-matrix">
  <rows>1</rows>
  <cols>5</cols>
  <dt>d</dt>
  <data>
    1.5957308617631483e-01 -6.7419014940665808e-02
    -1.5597661932189909e-03 7.8470927286716959e-03
    -3.0947131434980374e-01</data></distCoeffs>
</opencv_storage>
