<?xml version="1.0"?>
<opencv_storage>
<cameraMatrix type_id="opencv-matrix">
  <rows>3</rows>
  <cols>3</cols>
  <dt>d</dt>
  <data>
    1.0810849033004515e+03 0. 6.2525243526541146e+02 0.
    1.0897257402610885e+03 3.2566309382397378e+02 0. 0. 1.</data></cameraMatrix>
<distCoeffs type_id="opencv-matrix">
  <rows>1</rows>
  <cols>5</cols>
  <dt>d</dt>
  <data>
    1.3830747399247220e-01 -1.2405518845067960e-01
    -6.4614250145241396e-05 5.1014936675569007e-03
    -1.2018509099610759e-02</data></distCoeffs>
</opencv_storage>
