<?xml version="1.0"?>
<opencv_storage>
<cameraMatrix type_id="opencv-matrix">
  <rows>3</rows>
  <cols>3</cols>
  <dt>d</dt>
  <data>
    1.1516336435134083e+03 0. 6.0158495813427430e+02 0.
    1.1593536612553626e+03 3.1482212723784880e+02 0. 0. 1.</data></cameraMatrix>
<distCoeffs type_id="opencv-matrix">
  <rows>1</rows>
  <cols>5</cols>
  <dt>d</dt>
  <data>
    1.4179976599211594e-01 -1.2321462492584939e-01
    -3.1702936037767892e-03 -6.7443790843848507e-03
    -1.5305984335325867e-01</data></distCoeffs>
</opencv_storage>
