<?xml version="1.0"?>
<opencv_storage>
<cameraMatrix type_id="opencv-matrix">
  <rows>3</rows>
  <cols>3</cols>
  <dt>d</dt>
  <data>
    1.1019820216075220e+03 0. 6.5419404327162340e+02 0.
    1.1117052605949532e+03 3.3747195921868212e+02 0. 0. 1.</data></cameraMatrix>
<distCoeffs type_id="opencv-matrix">
  <rows>1</rows>
  <cols>5</cols>
  <dt>d</dt>
  <data>
    1.5679903293235847e-01 -6.1963452819202493e-02
    7.3335659967170121e-03 1.0032826220102556e-02
    -4.0293337397789480e-01</data></distCoeffs>
</opencv_storage>
