<?xml version="1.0"?>
<opencv_storage>
<cameraMatrix type_id="opencv-matrix">
  <rows>3</rows>
  <cols>3</cols>
  <dt>d</dt>
  <data>
    9.9115861145145868e+02 0. 6.6705994947206500e+02 0.
    9.9850283958510954e+02 3.9069499037846441e+02 0. 0. 1.</data></cameraMatrix>
<distCoeffs type_id="opencv-matrix">
  <rows>1</rows>
  <cols>5</cols>
  <dt>d</dt>
  <data>
    5.1941763478983764e-02 -1.5191319787224644e-01
    7.9563992204800520e-03 2.9189950749022772e-04 6.6585459389756473e-03</data></distCoeffs>
</opencv_storage>
