<?xml version="1.0"?>
<opencv_storage>
<K1 type_id="opencv-matrix">
  <rows>3</rows>
  <cols>3</cols>
  <dt>d</dt>
  <data>
    1.1151407204564348e+03 0. 6.6177635538196137e+02 0.
    1.1234106497593066e+03 3.6367300195661193e+02 0. 0. 1.</data></K1>
<D1 type_id="opencv-matrix">
  <rows>1</rows>
  <cols>5</cols>
  <dt>d</dt>
  <data>
    1.2885624622841371e-01 -1.3800164618309216e-01
    -3.8673145480720017e-04 1.7500886720728114e-03
    -1.5809562372763530e-01</data></D1>
<K2 type_id="opencv-matrix">
  <rows>3</rows>
  <cols>3</cols>
  <dt>d</dt>
  <data>
    1.1161410573174062e+03 0. 6.3897475220601586e+02 0.
    1.1259311921056162e+03 3.4190914471810851e+02 0. 0. 1.</data></K2>
<D2 type_id="opencv-matrix">
  <rows>1</rows>
  <cols>5</cols>
  <dt>d</dt>
  <data>
    9.7791559123828836e-02 7.0723807242920794e-02 2.7935243065824698e-03
    4.0168654442148807e-03 -6.0525953045081926e-01</data></D2>
<E type_id="opencv-matrix">
  <rows>3</rows>
  <cols>3</cols>
  <dt>d</dt>
  <data>
    1.0427246322469328e-02 -4.6554505177675010e+00
    2.2444423278939007e+00 -2.9708242014870994e+00
    -4.4154487052317151e+01 -8.2387869601850650e+02
    -5.6296842219302157e-01 8.2387320890961325e+02
    -4.4140631809955181e+01</data></E>
<F type_id="opencv-matrix">
  <rows>3</rows>
  <cols>3</cols>
  <dt>d</dt>
  <data>
    -1.2439454953043133e-10 5.5129565785670600e-08
    -4.9825441034147589e-05 3.5133054159601215e-08
    5.1832831517098057e-07 1.0653302026466456e-02
    -4.4367367317613646e-06 -1.1101806731061190e-02 1.</data></F>
<R type_id="opencv-matrix">
  <rows>3</rows>
  <cols>3</cols>
  <dt>d</dt>
  <data>
    9.9995450103677264e-01 -2.2316270746891519e-03
    -9.2744647769278203e-03 1.7321086599131502e-03
    9.9856512657373020e-01 -5.3522778238619680e-02
    9.3805999749064194e-03 5.3504278626944603e-02 9.9852355831633788e-01</data></R>
<T type_id="opencv-matrix">
  <rows>3</rows>
  <cols>1</cols>
  <dt>d</dt>
  <data>
    8.2505260926073061e+02 1.9921398318744279e+00 4.7688812633938245e+00</data></T>
<P1 type_id="opencv-matrix">
  <rows>3</rows>
  <cols>4</cols>
  <dt>d</dt>
  <data>
    1.1246709209324613e+03 0. 6.5295605468750000e+02 0. 0.
    1.1246709209324613e+03 3.5340299987792969e+02 0. 0. 0. 1. 0.</data></P1>
<R1 type_id="opencv-matrix">
  <rows>3</rows>
  <cols>3</cols>
  <dt>d</dt>
  <data>
    9.9999328459529357e-01 4.8871945717500747e-04
    -3.6320679520123614e-03 -5.8575219316025953e-04
    9.9964164323061433e-01 -2.6762698174237428e-02
    3.6176869245506376e-03 2.6764645943656754e-02 9.9963521650091269e-01</data></R1>
<P2 type_id="opencv-matrix">
  <rows>3</rows>
  <cols>4</cols>
  <dt>d</dt>
  <data>
    1.1246709209324613e+03 0. 6.5295605468750000e+02
    9.2793088315112295e+05 0. 1.1246709209324613e+03
    3.5340299987792969e+02 0. 0. 0. 1. 0.</data></P2>
<R2 type_id="opencv-matrix">
  <rows>3</rows>
  <cols>3</cols>
  <dt>d</dt>
  <data>
    9.9998038078432605e-01 2.4145136022585651e-03 5.7799801468975901e-03
    -2.5683431965102936e-03 9.9963868337395068e-01
    2.6756425688410003e-02 -5.7132879901997937e-03
    -2.6770745721010014e-02 9.9962527254660893e-01</data></R2>
</opencv_storage>
