<?xml version="1.0"?>
<opencv_storage>
<K1 type_id="opencv-matrix">
  <rows>3</rows>
  <cols>3</cols>
  <dt>d</dt>
  <data>
    1.0671884469038171e+03 0. 6.6002541321559954e+02 0.
    1.0753038719153228e+03 3.6763838668001870e+02 0. 0. 1.</data></K1>
<D1 type_id="opencv-matrix">
  <rows>1</rows>
  <cols>5</cols>
  <dt>d</dt>
  <data>
    1.2133000733819586e-01 -1.7173455526128958e-01
    2.2832315395105837e-04 1.4903977338286242e-03
    -2.1502731339643751e-02</data></D1>
<K2 type_id="opencv-matrix">
  <rows>3</rows>
  <cols>3</cols>
  <dt>d</dt>
  <data>
    1.0660123265237974e+03 0. 6.3875482056022111e+02 0.
    1.0753266182037771e+03 3.3504870693880139e+02 0. 0. 1.</data></K2>
<D2 type_id="opencv-matrix">
  <rows>1</rows>
  <cols>5</cols>
  <dt>d</dt>
  <data>
    1.1352123749265691e-01 -5.9124984008097528e-02
    2.8168251012081059e-03 3.2123468160122990e-03
    -1.6311938158887332e-01</data></D2>
<E type_id="opencv-matrix">
  <rows>3</rows>
  <cols>3</cols>
  <dt>d</dt>
  <data>
    2.6884148753805542e-02 -7.1716835211173224e+00
    3.4883502932836103e+00 -3.0831339929290706e+00
    -7.3708248564574337e+00 -8.2422561423240370e+02
    -1.6107180948256075e+00 8.2420577213927504e+02
    -7.3346989712194244e+00</data></E>
<F type_id="opencv-matrix">
  <rows>3</rows>
  <cols>3</cols>
  <dt>d</dt>
  <data>
    -6.5197626805995674e-10 1.7261022542962459e-07
    -1.5330889489361668e-04 7.4122443511765593e-08
    1.7586658294100547e-07 2.1033216749100567e-02 1.7222451307623219e-05
    -2.1315912472202644e-02 1.</data></F>
<R type_id="opencv-matrix">
  <rows>3</rows>
  <cols>3</cols>
  <dt>d</dt>
  <data>
    9.9991972173362664e-01 -2.3114068713400411e-03
    -1.2458229666444904e-02 2.1999769591198870e-03
    9.9995752273679683e-01 -8.9505767114587027e-03
    1.2478388899457633e-02 8.9224503564596727e-03 9.9988233292228468e-01</data></R>
<T type_id="opencv-matrix">
  <rows>3</rows>
  <cols>1</cols>
  <dt>d</dt>
  <data>
    8.2423286837685953e+02 3.4242863099725236e+00 7.2025424900174366e+00</data></T>
<P1 type_id="opencv-matrix">
  <rows>3</rows>
  <cols>4</cols>
  <dt>d</dt>
  <data>
    1.0753152450595499e+03 0. 6.4893539428710938e+02 0. 0.
    1.0753152450595499e+03 3.5257397460937500e+02 0. 0. 0. 1. 0.</data></P1>
<R1 type_id="opencv-matrix">
  <rows>3</rows>
  <cols>3</cols>
  <dt>d</dt>
  <data>
    9.9999109472516245e-01 1.9208085727990133e-03
    -3.7577872209476819e-03 -1.9375503451096808e-03
    9.9998819194801780e-01 -4.4566650305506031e-03
    3.7491824484040571e-03 4.4639062446504537e-03 9.9998300844164734e-01</data></R1>
<P2 type_id="opencv-matrix">
  <rows>3</rows>
  <cols>4</cols>
  <dt>d</dt>
  <data>
    1.0753152450595499e+03 0. 6.4893539428710938e+02
    8.8635165650196630e+05 0. 1.0753152450595499e+03
    3.5257397460937500e+02 0. 0. 0. 1. 0.</data></P2>
<R2 type_id="opencv-matrix">
  <rows>3</rows>
  <cols>3</cols>
  <dt>d</dt>
  <data>
    9.9995319277979156e-01 4.1543187126131939e-03 8.7380710419955303e-03
    -4.1932522235560848e-03 9.9998134234250524e-01
    4.4420268651778694e-03 -8.7194544147309316e-03
    -4.4784598820746474e-03 9.9995195610178900e-01</data></R2>
</opencv_storage>
