<?xml version="1.0"?>
<opencv_storage>
<K1 type_id="opencv-matrix">
  <rows>3</rows>
  <cols>3</cols>
  <dt>d</dt>
  <data>
    1.0412276349442161e+03 0. 6.1833193391901193e+02 0.
    1.0498046235067857e+03 3.2763221203740994e+02 0. 0. 1.</data></K1>
<D1 type_id="opencv-matrix">
  <rows>1</rows>
  <cols>5</cols>
  <dt>d</dt>
  <data>
    4.0480914895799504e-02 7.6597970614378549e-02 1.6251054929608683e-03
    1.4295928098299269e-04 -3.5339630848565656e-01</data></D1>
<K2 type_id="opencv-matrix">
  <rows>3</rows>
  <cols>3</cols>
  <dt>d</dt>
  <data>
    1.0389311685928935e+03 0. 6.7843092892427671e+02 0.
    1.0466087110001363e+03 3.6855382202494883e+02 0. 0. 1.</data></K2>
<D2 type_id="opencv-matrix">
  <rows>1</rows>
  <cols>5</cols>
  <dt>d</dt>
  <data>
    6.7670505349801735e-02 -7.1745157173144225e-02
    1.9003846068420655e-03 1.5486661733374060e-03
    -1.3085679302817807e-01</data></D2>
<E type_id="opencv-matrix">
  <rows>3</rows>
  <cols>3</cols>
  <dt>d</dt>
  <data>
    -6.1154225937876380e-02 1.3847892542141954e+01
    -1.1582498051591890e+00 6.8918924283816878e+00
    -2.9923884174591899e+00 8.2254038800292960e+02
    3.0311836530570551e+00 -8.2244789583720183e+02
    -3.0378019090143136e+00</data></E>
<F type_id="opencv-matrix">
  <rows>3</rows>
  <cols>3</cols>
  <dt>d</dt>
  <data>
    1.7056381645654797e-09 -3.8307280462828892e-07
    1.5808865035688412e-04 -1.9081009697118326e-07
    8.2170897796241992e-08 -2.3620806466741768e-02
    -1.8666719202595001e-05 2.3866628572308191e-02 1.</data></F>
<R type_id="opencv-matrix">
  <rows>3</rows>
  <cols>3</cols>
  <dt>d</dt>
  <data>
    9.9967981538879802e-01 2.3071352017979777e-03
    -2.5198091820199817e-02 -2.2156863409378766e-03
    9.9999086027395523e-01 3.6565150886607948e-03 2.5206297591220686e-02
    -3.5995132609350586e-03 9.9967579047710620e-01</data></R>
<T type_id="opencv-matrix">
  <rows>3</rows>
  <cols>1</cols>
  <dt>d</dt>
  <data>
    -8.2245820280948124e+02 -1.2092614340018613e+00
    -1.3843666316891920e+01</data></T>
<P1 type_id="opencv-matrix">
  <rows>3</rows>
  <cols>4</cols>
  <dt>d</dt>
  <data>
    1.0482066672534611e+03 0. 6.4378237915039062e+02 0. 0.
    1.0482066672534611e+03 3.4895985412597656e+02 0. 0. 0. 1. 0.</data></P1>
<R1 type_id="opencv-matrix">
  <rows>3</rows>
  <cols>3</cols>
  <dt>d</dt>
  <data>
    9.9995810773080407e-01 3.7163054947462653e-03
    -8.3649182243304299e-03 -3.7009674787086377e-03
    9.9999144319286326e-01 1.8483454158816500e-03 8.3717156635636988e-03
    -1.8173096941876256e-03 9.9996330520790810e-01</data></R1>
<P2 type_id="opencv-matrix">
  <rows>3</rows>
  <cols>4</cols>
  <dt>d</dt>
  <data>
    1.0482066672534611e+03 0. 6.4378237915039062e+02
    -8.6222921999756875e+05 0. 1.0482066672534611e+03
    3.4895985412597656e+02 0. 0. 0. 1. 0.</data></P2>
<R2 type_id="opencv-matrix">
  <rows>3</rows>
  <cols>3</cols>
  <dt>d</dt>
  <data>
    9.9985729052957473e-01 1.4700915582205383e-03 1.6829658513119204e-02
    -1.4392418032935310e-03 9.9999726223101826e-01
    -1.8450239835413327e-03 -1.6832324791585071e-02
    1.8205387330784742e-03 9.9985666896852365e-01</data></R2>
</opencv_storage>
