<?xml version="1.0"?>
<opencv_storage>
<K1 type_id="opencv-matrix">
  <rows>3</rows>
  <cols>3</cols>
  <dt>d</dt>
  <data>
    1.0736925009628953e+03 0. 6.6035075101050290e+02 0.
    1.0831051827955660e+03 3.6481668719590169e+02 0. 0. 1.</data></K1>
<D1 type_id="opencv-matrix">
  <rows>1</rows>
  <cols>5</cols>
  <dt>d</dt>
  <data>
    8.7634502939446732e-02 -9.2660117143321771e-02
    -3.1130224142260587e-04 -4.2135137890380115e-03
    -1.5207559577245208e-01</data></D1>
<K2 type_id="opencv-matrix">
  <rows>3</rows>
  <cols>3</cols>
  <dt>d</dt>
  <data>
    1.0746539823454268e+03 0. 6.2142774279520688e+02 0.
    1.0837352192551696e+03 3.3097049580946452e+02 0. 0. 1.</data></K2>
<D2 type_id="opencv-matrix">
  <rows>1</rows>
  <cols>5</cols>
  <dt>d</dt>
  <data>
    8.0515983402559915e-02 -9.8833218055080552e-02
    2.5926367483843924e-03 1.4393156908213221e-03
    -3.9949713038991121e-02</data></D2>
<E type_id="opencv-matrix">
  <rows>3</rows>
  <cols>3</cols>
  <dt>d</dt>
  <data>
    8.8911909942188914e-03 3.1421434595089210e+00 3.2596149171381472e+00
    -3.7501319484617310e+00 -1.0038189866796980e+01
    -8.2793403404506319e+02 -1.6130123859165517e+00
    8.2794164764599748e+02 -1.0043332182309078e+01</data></E>
<F type_id="opencv-matrix">
  <rows>3</rows>
  <cols>3</cols>
  <dt>d</dt>
  <data>
    -2.0235562934217015e-10 -7.0890925533969241e-08
    -5.3657077169280831e-05 8.4634486729461629e-08
    2.2457711985596123e-07 1.9924285800343361e-02 1.1565566519728134e-05
    -2.0104233155281620e-02 1.</data></F>
<R type_id="opencv-matrix">
  <rows>3</rows>
  <cols>3</cols>
  <dt>d</dt>
  <data>
    9.9999762458849406e-01 -2.0437416722459190e-03
    -7.5758652736079575e-04 2.0344002925940419e-03
    9.9992432677052889e-01 -1.2132680987889182e-02
    7.8232526407269411e-04 1.2131110933526238e-02 9.9992610932743409e-01</data></R>
<T type_id="opencv-matrix">
  <rows>3</rows>
  <cols>1</cols>
  <dt>d</dt>
  <data>
    8.2799756566026019e+02 3.2974987086793131e+00
    -3.1023759036744374e+00</data></T>
<P1 type_id="opencv-matrix">
  <rows>3</rows>
  <cols>4</cols>
  <dt>d</dt>
  <data>
    1.0834202010253678e+03 0. 6.4555995178222656e+02 0. 0.
    1.0834202010253678e+03 3.4884698486328125e+02 0. 0. 0. 1. 0.</data></P1>
<R1 type_id="opencv-matrix">
  <rows>3</rows>
  <cols>3</cols>
  <dt>d</dt>
  <data>
    9.9998784607091185e-01 1.8929733784043409e-03
    -4.5524018107991147e-03 -1.9205415238917199e-03
    9.9997979976329576e-01 -6.0590086329311366e-03
    4.5408403091633078e-03 6.0676780688809478e-03 9.9997128161369675e-01</data></R1>
<P2 type_id="opencv-matrix">
  <rows>3</rows>
  <cols>4</cols>
  <dt>d</dt>
  <data>
    1.0834202010253678e+03 0. 6.4555995178222656e+02
    8.9708269972460496e+05 0. 1.0834202010253678e+03
    3.4884698486328125e+02 0. 0. 0. 1. 0.</data></P2>
<R2 type_id="opencv-matrix">
  <rows>3</rows>
  <cols>3</cols>
  <dt>d</dt>
  <data>
    9.9998505077797761e-01 3.9824385365307656e-03
    -3.7467858049733756e-03 -3.9596471266852137e-03
    9.9997373293104996e-01 6.0708024653450977e-03 3.7708639855779558e-03
    -6.0558757619242221e-03 9.9997455315300821e-01</data></R2>
</opencv_storage>
