<?xml version="1.0"?>
<opencv_storage>
<K1 type_id="opencv-matrix">
  <rows>3</rows>
  <cols>3</cols>
  <dt>d</dt>
  <data>
    1.0270322356590173e+03 0. 6.5620294752847587e+02 0.
    1.0350850840487919e+03 3.5822935940368933e+02 0. 0. 1.</data></K1>
<D1 type_id="opencv-matrix">
  <rows>1</rows>
  <cols>5</cols>
  <dt>d</dt>
  <data>
    2.2868075491086517e-02 3.2086715320307387e-02
    -1.4521038613434800e-03 -5.8328598306169174e-03
    -2.5869793942667246e-01</data></D1>
<K2 type_id="opencv-matrix">
  <rows>3</rows>
  <cols>3</cols>
  <dt>d</dt>
  <data>
    1.0306568008065251e+03 0. 5.8106782831149326e+02 0.
    1.0337605693364483e+03 3.2547791302939606e+02 0. 0. 1.</data></K2>
<D2 type_id="opencv-matrix">
  <rows>1</rows>
  <cols>5</cols>
  <dt>d</dt>
  <data>
    3.4585182018338233e-02 -4.5782429044400616e-03
    -5.7436431254822640e-04 -7.4436106505822866e-03
    -1.6376956970571360e-01</data></D2>
<E type_id="opencv-matrix">
  <rows>3</rows>
  <cols>3</cols>
  <dt>d</dt>
  <data>
    -5.1357243972188826e-02 2.7412365884671775e+01
    3.9152901874547106e+00 4.4734160233133871e+00
    -5.1369443420915113e+00 -8.1998581690935282e+02
    -8.6889488649959024e-01 8.1954940695269283e+02
    -5.2755351720808603e+00</data></E>
<F type_id="opencv-matrix">
  <rows>3</rows>
  <cols>3</cols>
  <dt>d</dt>
  <data>
    1.8156963990559567e-09 -9.6160357045644961e-07
    2.0111919221447197e-04 -1.5767938665241843e-07
    1.7965880968689235e-07 2.9723358433329305e-02 8.1926984395560917e-05
    -2.9130203129374910e-02 1.</data></F>
<R type_id="opencv-matrix">
  <rows>3</rows>
  <cols>3</cols>
  <dt>d</dt>
  <data>
    9.9923735476910525e-01 -3.6802277608015102e-03
    3.8873702649346642e-02 3.9258135923071228e-03 9.9997280555599000e-01
    -6.2430870665702784e-03 -3.8849669518280991e-02
    6.3909367162370140e-03 9.9922462895297437e-01</data></R>
<T type_id="opencv-matrix">
  <rows>3</rows>
  <cols>1</cols>
  <dt>d</dt>
  <data>
    8.1955664426827832e+02 4.0894402923696154e+00
    -2.7386975304124924e+01</data></T>
<P1 type_id="opencv-matrix">
  <rows>3</rows>
  <cols>4</cols>
  <dt>d</dt>
  <data>
    1.0344228266926202e+03 0. 6.2633114624023438e+02 0. 0.
    1.0344228266926202e+03 3.4025395202636719e+02 0. 0. 0. 1. 0.</data></P1>
<R1 type_id="opencv-matrix">
  <rows>3</rows>
  <cols>3</cols>
  <dt>d</dt>
  <data>
    9.9998455681443110e-01 1.0952669762254689e-03 5.4485340134958395e-03
    -1.0779614401878438e-03 9.9999436880664816e-01
    -3.1781054304077789e-03 -5.4519842056722171e-03
    3.1721830407637681e-03 9.9998010636361012e-01</data></R1>
<P2 type_id="opencv-matrix">
  <rows>3</rows>
  <cols>4</cols>
  <dt>d</dt>
  <data>
    1.0344228266926202e+03 0. 6.2633114624023438e+02
    8.4825186099284177e+05 0. 1.0344228266926202e+03
    3.4025395202636719e+02 0. 0. 0. 1. 0.</data></P2>
<R2 type_id="opencv-matrix">
  <rows>3</rows>
  <cols>3</cols>
  <dt>d</dt>
  <data>
    9.9942969722039254e-01 4.9869744840563869e-03
    -3.3397760395715015e-02 -4.8808911002532970e-03
    9.9998278382901018e-01 3.2571379538679532e-03 3.3413428678028351e-02
    -3.0922695675554518e-03 9.9943683174720954e-01</data></R2>
</opencv_storage>
