<?xml version="1.0"?>
<opencv_storage>
<K1 type_id="opencv-matrix">
  <rows>3</rows>
  <cols>3</cols>
  <dt>d</dt>
  <data>
    1.1035192799101628e+03 0. 6.5026756916570002e+02 0.
    1.1132221607158517e+03 3.5304481935912344e+02 0. 0. 1.</data></K1>
<D1 type_id="opencv-matrix">
  <rows>1</rows>
  <cols>5</cols>
  <dt>d</dt>
  <data>
    8.7392820843222724e-02 1.8854827647939994e-02
    -1.7674324930147948e-03 -4.9391756379200966e-03
    -4.2530586661626935e-01</data></D1>
<K2 type_id="opencv-matrix">
  <rows>3</rows>
  <cols>3</cols>
  <dt>d</dt>
  <data>
    1.1041376878907220e+03 0. 6.1481228065379378e+02 0.
    1.1127826510591999e+03 3.2168052974597600e+02 0. 0. 1.</data></K2>
<D2 type_id="opencv-matrix">
  <rows>1</rows>
  <cols>5</cols>
  <dt>d</dt>
  <data>
    1.0255623629615891e-01 -4.3097791276956753e-02
    -4.0289143544967995e-04 -3.4716749948488584e-03
    -2.3232405288252297e-01</data></D2>
<E type_id="opencv-matrix">
  <rows>3</rows>
  <cols>3</cols>
  <dt>d</dt>
  <data>
    5.1796779076322902e-03 2.5846917765541382e+00 1.2190762176539267e+00
    -3.2670466247335552e+00 -5.1105539657489691e+00
    -4.6789751509548762e+02 -6.4215620280375307e-01
    4.6790305139876426e+02 -5.1129846435644275e+00</data></E>
<F type_id="opencv-matrix">
  <rows>3</rows>
  <cols>3</cols>
  <dt>d</dt>
  <data>
    -2.2243746912564420e-10 -1.1003023328489282e-07
    -1.8781562358580149e-05 1.3921095441009810e-07
    2.1586594787210618e-07 2.1834585519831480e-02
    -1.4195971644862298e-05 -2.1994686090620125e-02 1.</data></F>
<R type_id="opencv-matrix">
  <rows>3</rows>
  <cols>3</cols>
  <dt>d</dt>
  <data>
    9.9999805823295485e-01 -1.3093160825508818e-03
    -1.4728277956897907e-03 1.2931401697865066e-03
    9.9993942144985748e-01 -1.0930746499011768e-02
    1.4870503761027600e-03 1.0928820701262654e-02 9.9993917292966306e-01</data></R>
<T type_id="opencv-matrix">
  <rows>3</rows>
  <cols>1</cols>
  <dt>d</dt>
  <data>
    4.6792976485131425e+02 1.2472574002550583e+00
    -2.5712164846251686e+00</data></T>
<P1 type_id="opencv-matrix">
  <rows>3</rows>
  <cols>4</cols>
  <dt>d</dt>
  <data>
    1.1130024058875258e+03 0. 6.3636463928222656e+02 0. 0.
    1.1130024058875258e+03 3.3656977081298828e+02 0. 0. 0. 1. 0.</data></P1>
<R1 type_id="opencv-matrix">
  <rows>3</rows>
  <cols>3</cols>
  <dt>d</dt>
  <data>
    9.9997468533120837e-01 1.2959256909186553e-03
    -6.9963757299429646e-03 -1.3341220736679837e-03
    9.9998421751448763e-01 -5.4575489214994527e-03
    6.9891927318875436e-03 5.4667447847530828e-03 9.9996063216829434e-01</data></R1>
<P2 type_id="opencv-matrix">
  <rows>3</rows>
  <cols>4</cols>
  <dt>d</dt>
  <data>
    1.1130024058875258e+03 0. 6.3636463928222656e+02
    5.2081666662299394e+05 0. 1.1130024058875258e+03
    3.3656977081298828e+02 0. 0. 0. 1. 0.</data></P2>
<R2 type_id="opencv-matrix">
  <rows>3</rows>
  <cols>3</cols>
  <dt>d</dt>
  <data>
    9.9998135129361365e-01 2.6654302295051934e-03
    -5.4947744894725146e-03 -2.6353768716533472e-03
    9.9998156979734720e-01 5.4694473557793614e-03 5.5092516499859164e-03
    -5.4548645560570201e-03 9.9996994584784005e-01</data></R2>
</opencv_storage>
