<?xml version="1.0"?>
<opencv_storage>
<K1 type_id="opencv-matrix">
  <rows>3</rows>
  <cols>3</cols>
  <dt>d</dt>
  <data>
    1.0788223530898385e+03 0. 6.6992939095970917e+02 0.
    1.0855937494304555e+03 3.6262486415444806e+02 0. 0. 1.</data></K1>
<D1 type_id="opencv-matrix">
  <rows>1</rows>
  <cols>5</cols>
  <dt>d</dt>
  <data>
    1.0790918628488998e-01 -1.0833278772005266e-01
    4.5677411990763532e-04 3.3489198926243452e-03
    -1.0327563241667408e-01</data></D1>
<K2 type_id="opencv-matrix">
  <rows>3</rows>
  <cols>3</cols>
  <dt>d</dt>
  <data>
    1.0762497506021655e+03 0. 6.3434350372738652e+02 0.
    1.0852037906916976e+03 3.2137744391594026e+02 0. 0. 1.</data></K2>
<D2 type_id="opencv-matrix">
  <rows>1</rows>
  <cols>5</cols>
  <dt>d</dt>
  <data>
    7.2706710968077293e-02 6.5663388044186186e-02 4.2266304083840063e-04
    3.5898650709534209e-03 -3.8359594080049353e-01</data></D2>
<E type_id="opencv-matrix">
  <rows>3</rows>
  <cols>3</cols>
  <dt>d</dt>
  <data>
    5.5888128470703352e-03 -1.9070323242014613e+00
    3.0865229114971235e+00 -5.4807052617412200e-01
    1.5646632396748353e-01 -8.2435228670228287e+02
    -1.5291895963957751e+00 8.2435462415208451e+02
    1.6462235214451187e-01</data></E>
<F type_id="opencv-matrix">
  <rows>3</rows>
  <cols>3</cols>
  <dt>d</dt>
  <data>
    -1.4857122525509773e-10 5.0379725290836359e-08
    -1.0668801763893334e-04 1.4449517573086892e-08
    -4.0994008016198343e-09 2.3438396078566657e-02
    3.9201652608123865e-05 -2.3468874440003326e-02 1.</data></F>
<R type_id="opencv-matrix">
  <rows>3</rows>
  <cols>3</cols>
  <dt>d</dt>
  <data>
    9.9999378197345712e-01 -1.8890241582758065e-03
    -2.9778519357418036e-03 1.8895939714004086e-03
    9.9999819694041225e-01 1.8854852906271166e-04 2.9774903937709119e-03
    -1.9417428772847695e-04 9.9999554841374216e-01</data></R>
<T type_id="opencv-matrix">
  <rows>3</rows>
  <cols>1</cols>
  <dt>d</dt>
  <data>
    8.2435027928343561e+02 3.0868961088539382e+00 1.9064363657666006e+00</data></T>
<P1 type_id="opencv-matrix">
  <rows>3</rows>
  <cols>4</cols>
  <dt>d</dt>
  <data>
    1.0853987700610764e+03 0. 6.5556909179687500e+02 0. 0.
    1.0853987700610764e+03 3.4201098632812500e+02 0. 0. 0. 1. 0.</data></P1>
<R1 type_id="opencv-matrix">
  <rows>3</rows>
  <cols>3</cols>
  <dt>d</dt>
  <data>
    9.9999805844185974e-01 1.8551433734541928e-03
    -6.6449648216912612e-04 -1.8550786587734252e-03
    9.9999827453886458e-01 9.7992160674289282e-05 6.6467712511379727e-04
    -9.6759277173898985e-05 9.9999977442095533e-01</data></R1>
<P2 type_id="opencv-matrix">
  <rows>3</rows>
  <cols>4</cols>
  <dt>d</dt>
  <data>
    1.0853987700610764e+03 0. 6.5556909179687500e+02
    8.9475744514850702e+05 0. 1.0853987700610764e+03
    3.4201098632812500e+02 0. 0. 0. 1. 0.</data></P2>
<R2 type_id="opencv-matrix">
  <rows>3</rows>
  <cols>3</cols>
  <dt>d</dt>
  <data>
    9.9999031478887590e-01 3.7446050413167315e-03 2.3126308675308527e-03
    -3.7443798288154958e-03 9.9999298461321562e-01
    -1.0170570711934087e-04 -2.3129954912344368e-03
    9.3045353706227367e-05 9.9999732069362046e-01</data></R2>
</opencv_storage>
